0 0
0 1
0 2
0 3
0 4
0 5
0 6
0 7
0 8
0 9
0 10
0 11
12 13
12 14
12 15
16 17
18 19
18 20
18 21
22 23
24 25
26 27
26 28
29 30
29 31
29 32
29 33
34 35
34 36
34 37
38 39
38 40
38 41
38 42
43 44
43 45
43 46
47 48
49 50
51 52
51 53
54 55
56 57
56 58
56 59
60 61
62 63
64 65
66 67
66 68
69 70
71 72
71 73
71 74
71 75
71 76
77 78
79 80
79 81
82 83
84 85
86 87
88 89
90 91
90 92
93 94
95 96
95 97
98 99
98 100
98 101
102 103
104 105
106 107
106 108
106 109
106 110
111 112
113 114
113 115
113 116
113 117
113 118
113 119
120 121
120 122
123 124
123 125
123 126
19 127
19 128
129 130
131 132
133 134
133 135
133 136
137 137
137 138
139 140
139 141
142 143
144 144
145 146
147 148
147 149
147 150
147 151
147 152
147 153
147 154
155 156
157 158
157 159
157 135
157 136
160 161
162 162
163 164
163 165
163 166
163 167
134 133
134 136
168 169
170 171
170 172
170 173
170 174
170 175
176 177
176 178
179 180
181 182
181 183
181 184
181 185
181 186
181 187
181 188
181 189
190 191
190 192
190 193
190 194
190 195
190 196
190 33
197 198
197 199
197 200
197 152
197 136
197 201
202 203
202 204
205 206
207 208
207 209
210 210
211 212
211 213
214 215
214 216
214 217
218 219
218 220
221 222
221 223
224 130
225 226
225 227
225 228
229 230
231 96
232 233
234 234
234 235
236 237
236 238
236 239
240 213
241 242
243 244
243 245
246 39
246 33
247 248
247 249
35 34
35 36
35 37
250 251
252 79
253 254
255 256
257 258
259 260
259 261
262 263
262 264
262 265
262 266
262 267
262 268
262 269
262 270
271 272
273 273
274 275
274 276
274 277
278 279
278 280
281 282
281 283
281 284
281 285
281 286
281 287
288 289
290 291
290 223
292 293
294 295
296 297
296 298
296 299
296 300
296 301
302 303
302 304
305 140
306 307
308 309
310 311
312 313
314 315
314 226
314 227
314 228
316 317
318 39
318 319
320 321
322 322
323 324
323 325
323 326
323 327
323 328
323 329
330 331
330 332
330 333
334 335
334 336
337 337
337 338
339 39
340 341
342 343
342 344
342 345
342 346
342 13
342 347
342 348
349 350
351 352
351 353
351 354
351 355
351 356
351 357
351 68
351 358
359 360
361 362
361 363
361 364
361 365
366 163
366 354
366 367
366 368
366 369
366 276
366 370
366 371
366 372
366 373
366 14
366 374
366 165
366 375
366 376
360 377
158 159
378 89
159 379
159 380
381 327
381 382
381 383
381 384
381 385
381 45
386 387
386 388
386 389
386 390
386 391
386 392
393 394
395 396
395 397
395 398
399 400
399 401
402 276
403 116
404 405
404 406
407 407
407 408
407 409
407 40
407 41
407 410
407 411
407 42
412 413
412 414
412 415
412 416
412 385
412 166
412 417
418 419
418 420
418 421
422 423
424 425
426 39
427 428
427 429
430 148
430 149
430 150
430 431
432 432
432 433
434 435
436 437
436 438
436 439
436 440
436 441
436 442
436 166
309 443
444 445
446 447
446 448
449 450
451 452
451 453
451 454
451 455
451 456
451 457
451 458
459 460
461 462
463 464
463 465
466 466
99 467
99 468
469 470
471 472
471 473
471 474
471 475
471 476
471 477
471 478
471 479
471 480
481 482
481 483
484 485
486 487
486 96
488 489
490 491
490 492
493 493
493 494
495 496
497 498
497 499
500 501
500 502
503 504
503 505
503 506
148 507
148 150
148 508
509 447
509 448
510 52
510 53
511 512
513 514
513 515
513 516
517 518
519 520
521 522
521 523
343 346
524 525
526 527
526 528
526 529
526 530
531 532
531 533
531 534
531 535
531 536
531 537
531 538
539 539
540 173
540 174
541 542
541 279
543 544
543 545
546 546
546 161
547 548
547 549
547 550
547 551
547 552
140 141
140 553
554 555
554 556
557 198
557 219
557 558
557 151
557 431
557 152
557 153
557 154
557 559
560 413
560 561
560 385
562 563
564 565
564 566
567 568
567 569
570 571
572 573
572 574
572 383
572 575
576 577
578 579
580 144
581 582
581 191
581 192
581 195
583 584
585 15
585 586
587 588
589 590
73 76
80 591
80 592
80 593
80 594
595 596
595 597
598 344
598 345
598 599
600 601
602 603
604 605
606 607
608 608
608 609
297 532
297 533
297 537
171 610
171 611
612 613
614 615
616 617
616 618
619 620
400 101
621 188
621 489
622 623
624 625
626 627
626 14
628 629
630 631
630 503
632 633
632 634
635 636
635 637
638 66
638 436
638 639
638 164
638 640
638 44
638 641
638 442
638 166
638 167
642 643
52 52
52 53
644 645
644 646
644 647
644 648
649 39
649 650
649 651
649 652
649 653
649 654
649 655
649 656
657 658
657 659
660 661
660 662
663 664
665 666
667 414
667 668
667 385
669 670
669 671
669 672
673 674
673 602
675 676
677 678
677 679
677 680
677 641
677 681
677 6
677 563
677 682
677 683
677 684
685 686
687 688
689 690
689 691
689 692
693 693
693 538
694 695
696 596
696 697
696 698
696 165
696 699
696 700
696 701
702 703
702 704
705 705
705 706
705 707
708 709
708 710
711 712
713 714
713 715
716 717
716 333
405 405
405 406
718 356
718 719
720 721
722 723
212 724
212 725
212 726
212 727
212 728
729 730
731 731
732 733
149 507
149 150
149 508
734 735
736 640
736 737
736 738
736 739
736 740
78 741
742 743
742 744
745 746
745 747
74 71
74 72
74 73
74 76
748 748
748 749
750 408
1 751
1 752
1 287
753 261
754 755
754 756
757 758
759 760
759 761
762 763
764 765
764 766
767 768
767 769
767 770
767 771
772 773
774 775
345 599
345 413
776 777
776 778
779 780
781 782
783 605
783 784
783 785
786 787
788 789
788 790
791 792
793 794
795 415
796 797
798 799
798 800
801 802
803 754
803 804
805 594
805 806
807 808
352 809
352 607
352 810
811 812
813 814
815 548
815 549
815 550
815 551
815 552
816 817
324 818
819 819
820 821
822 823
824 825
824 826
824 827
828 829
830 50
831 832
833 834
835 836
837 39
838 838
839 440
839 840
839 269
839 841
842 360
842 377
842 843
842 844
845 846
847 848
847 849
847 545
850 851
850 852
850 853
850 607
850 854
855 856
857 858
859 859
860 861
862 863
862 864
862 865
862 866
867 868
869 870
871 325
871 872
871 327
871 873
387 874
825 438
825 875
876 877
876 878
879 880
879 881
879 295
879 882
39 883
39 33
884 885
886 886
887 881
888 39
888 656
889 884
889 452
889 890
889 885
891 892
893 894
895 896
452 897
898 899
900 900
900 901
902 900
902 901
596 416
903 904
219 219
905 905
213 906
213 907
213 908
549 552
688 688
114 119
909 910
911 912
57 913
914 287
915 916
917 918
919 920
919 921
922 502
922 923
922 924
922 925
926 927
928 554
928 212
928 929
930 783
930 931
930 5
861 932
933 908
934 857
935 936
937 165
937 938
939 940
941 942
943 944
943 945
943 946
947 360
947 354
947 763
947 368
947 534
947 355
947 416
947 373
947 165
947 948
947 357
949 949
950 207
950 951
950 952
950 953
950 954
955 344
955 346
955 956
955 957
955 958
955 566
955 959
955 960
955 385
955 961
955 962
955 963
955 964
965 966
967 967
968 969
970 971
972 973
974 975
976 977
976 978
979 980
981 605
981 784
981 785
115 982
983 593
984 29
984 985
984 986
987 987
987 988
987 122
989 990
991 992
993 994
995 996
995 997
995 998
999 161
999 1000
1001 1002
1003 595
1003 898
1003 714
1003 369
1003 715
1003 442
1003 766
1003 14
1003 530
1003 1004
1005 1006
1005 1007
1008 66
1008 1009
1010 398
1011 1012
1013 452
1013 453
1013 454
1013 455
1013 456
1013 457
1013 458
1014 1015
1016 869
1016 870
1017 1018
1017 1019
1020 1021
1022 1023
1022 1024
1022 1025
679 1026
679 1027
679 683
1028 1029
1030 985
1031 678
1031 1032
1031 1033
1031 1034
1031 1035
1031 1036
1031 1037
1031 1038
1031 285
1031 1039
1031 682
1031 1040
1031 1041
1042 751
1042 1043
1044 1045
1046 297
1046 1047
1046 1048
1046 1049
1046 1050
1046 1051
1046 299
1046 301
1052 595
1052 696
1052 596
1052 368
1052 285
1052 14
1052 1053
1052 1054
1052 1055
1056 1057
1056 1058
1059 1060
1059 28
1059 1061
1062 173
1063 272
1064 1065
1066 1067
1066 269
1068 782
1069 1070
1069 1071
1069 1072
1073 96
1074 518
1075 7
680 639
680 679
680 1076
680 440
680 537
680 1077
680 1078
1057 1058
1079 1080
1079 1081
1082 66
1082 1083
1084 72
1084 73
1084 1085
1084 983
1084 1086
1087 342
1087 344
1087 345
1087 346
1087 956
1087 13
1087 267
1087 668
1087 385
1087 1088
1087 348
1087 964
1089 297
1089 1047
1089 1090
1089 1091
1089 1092
1089 1093
1089 299
1089 1077
1089 301
1089 1094
1089 1095
640 437
640 438
640 439
640 440
640 441
640 442
640 166
1096 1097
1096 592
1096 1098
1096 1099
1096 1100
1096 1101
1102 1103
1102 1104
1102 1105
1106 1107
367 370
367 938
1108 398
1109 1110
1111 573
1111 574
1111 383
1111 575
1112 1112
1113 889
1113 464
1113 792
1113 998
1114 1115
1116 124
1116 1117
1118 1119
1118 908
1120 1031
1120 1033
1121 1122
1121 14
1076 1123
1076 1124
1076 1125
1076 533
1076 1126
1076 385
1076 1127
1128 1129
1128 1130
1128 1131
1128 1132
1133 1134
1135 159
1135 1136
1137 1138
735 735
1139 407
1139 665
1139 1139
1140 288
1140 1141
1140 1142
1140 1143
1140 1144
1140 1145
1140 1146
1140 358
1147 1148
1149 1150
1149 1151
1152 1153
1152 1154
1155 1156
1157 919
1157 1158
1157 1159
1160 1105
1161 1162
1161 1163
1161 1164
1161 1165
1166 34
1166 35
1166 37
1166 1167
1168 1169
1168 915
1168 1170
1171 14
1172 558
1172 1173
1172 1174
1172 116
1172 10
1175 598
1175 346
1175 596
1175 13
1175 697
1175 1124
1175 917
1175 1176
1175 1177
1175 1178
1175 533
1175 1126
1175 1179
1175 535
1175 1180
1175 1049
1175 537
1175 1181
1175 925
1175 1182
1175 1027
1175 300
1175 960
1175 1183
1175 1184
1175 1185
1175 1186
1175 1187
1188 1189
1190 975
1190 1191
1192 1193
1192 522
1192 1194
1192 1195
1192 1196
1192 523
1197 63
1198 1199
1198 1200
1198 1201
1198 355
1198 1202
1203 406
1204 944
1204 945
1204 946
1204 1205
1204 1206
1204 1207
1204 50
1204 14
1204 1208
1204 375
738 738
1209 296
1209 297
1209 299
1209 1210
1211 1212
1211 1213
1211 1214
1211 1215
1211 1216
1211 1217
1218 1219
844 359
844 377
1220 715
1220 1221
1220 1222
1223 1224
1223 1225
368 1032
368 282
368 1226
368 1227
368 1026
368 1228
368 683
368 579
1229 1230
1231 59
1232 1233
1232 450
409 644
409 1234
409 1235
1236 1237
1238 430
1238 431
1239 1240
1241 1242
1243 1244
1245 1246
525 1247
1248 39
1249 1250
1249 42
1251 464
1252 1253
1254 1255
1256 1257
1258 418
1258 1259
1260 100
1260 1260
1261 1262
1263 1264
561 1265
561 534
561 1184
561 1266
561 1267
264 413
264 1268
1269 1270
1271 1271
1271 50
1272 1273
1274 395
1274 1010
1274 1275
1274 1108
1274 1276
1274 1277
1274 1278
1274 1166
1274 1279
1274 1280
1274 1281
1274 1282
1274 1283
1274 1284
1274 1285
1274 1286
1274 1287
1274 1288
1274 1289
1274 1290
1274 1291
1292 1293
1294 1281
1295 944
1295 945
1295 946
1296 1297
1298 1299
1300 1301
1302 96
1302 97
1303 1304
1303 136
279 542
1305 1306
1305 1307
1308 1309
1130 1310
1130 1129
1130 1128
1130 1131
1130 1132
1311 1312
1033 1313
1033 1314
1314 1313
1315 1316
1315 1317
1315 1318
1315 956
1315 913
1315 1319
1315 1320
1321 1322
1323 1322
1324 1322
1325 1326
1327 1328
1329 1330
1329 1331
1332 1329
1333 531
1333 536
1333 538
1334 1335
1336 1336
1337 1338
1339 1340
1341 948
1342 1343
1342 1080
1342 1344
1342 1345
1342 1346
1347 1306
1347 1348
1347 1349
1350 1351
1352 1353
1352 1354
1352 1355
1352 188
1356 1019
331 1357
331 332
1358 1359
1358 1360
1361 1362
1363 1364
1365 1366
1365 462
1365 1367
1365 1368
1365 5
1369 1370
1371 1372
1373 1134
1374 1375
1376 900
1376 901
901 1103
901 1104
901 59
901 1377
901 1105
1378 870
1379 72
1379 73
1379 74
1379 1380
1379 1381
1379 1382
1379 1383
1319 350
1384 1385
1386 1387
1388 1389
1388 1100
1390 1312
1390 538
1391 1018
1392 1393
1392 1394
1393 1395
1396 1396
1397 777
1397 1398
1399 1223
1399 1224
1400 670
1400 671
40 41
1401 1157
1401 1158
1402 1403
1402 1404
1405 297
1405 1047
1405 1090
1405 1091
1405 1092
1405 1093
1405 299
1405 1077
1405 301
1405 1094
1405 1095
1406 1407
1408 1409
1408 1410
1408 620
1408 336
826 827
1411 1412
1411 1413
1414 302
1414 304
1414 1415
1214 96
1416 40
1416 41
1273 33
1417 1418
1417 1419
1420 1421
1422 1423
1422 1424
1422 1425
1422 1426
1426 1427
1428 990
1429 1364
1430 1431
1432 704
1433 293
1434 1435
1436 1208
1437 1438
1439 1440
1439 1441
1442 1443
1034 1443
1444 1445
923 922
1446 868
1447 1448
1449 1450
1451 1452
1453 1454
1453 1226
1453 1455
1453 584
1456 1226
1456 1457
1458 1459
1460 1461
1462 288
1462 1463
1462 1464
1462 1465
1462 1140
1462 1466
1462 959
1462 1467
1462 1145
691 891
691 775
691 1468
691 1469
1470 919
1470 1471
1470 1472
1473 1474
1473 1475
1476 1473
1476 1477
1478 1479
1466 1480
1466 959
1481 1142
1481 1482
1481 1483
1481 668
1104 1484
1485 1486
1487 1488
1489 1490
1491 1029
1491 1492
1491 1493
1492 914
1492 652
1493 503
1493 1474
1493 1473
1493 1476
1493 1475
1493 1492
1493 1494
1493 1495
1493 1477
1493 483
532 533
1496 1495
1496 1497
1494 1496
1495 1496
1495 1494
1495 1495
1498 1098
1498 1499
1500 1500
1501 1501
1502 1500
1503 1503
1504 1505
1506 553
574 383
1507 1507
1508 531
1508 639
1508 917
1508 1509
1508 1510
1508 1265
1508 1511
1508 1512
1508 561
1508 532
1508 1513
1508 797
1508 1179
1508 535
1508 536
1508 1180
1508 1514
1508 537
1508 1515
1508 1516
1508 1517
1508 1518
1508 1027
1508 385
1508 1519
1508 1520
1508 1521
1508 1184
1508 217
1508 1266
1508 1522
1508 1267
1508 1523
1513 1309
1524 1525
1524 498
1526 1527
1526 335
1526 1382
1528 182
1528 183
1528 184
1528 185
1528 186
1528 187
1528 188
1528 189
1529 1530
1531 1196
1532 145
1532 578
1532 1008
1532 1533
1532 1534
721 720
721 1535
1535 720
1535 721
1536 1340
1536 1537
1538 1539
1540 1541
1542 1543
1542 1540
1542 1544
1542 1545
1546 948
1546 1547
1548 136
1548 161
1549 297
1549 1047
1549 1048
1549 1049
1549 1050
1549 299
1549 301
1549 1210
1550 794
1551 1123
1551 1552
1551 1265
1551 679
1551 1553
1551 441
1551 1126
1551 1554
1551 1228
1553 1123
1553 441
1553 1126
1555 1556
1557 1484
1557 1471
1246 1558
1559 759
1559 760
1559 1560
1559 286
1561 1562
1563 40
1563 41
1564 1565
1566 424
1566 425
1566 1567
1566 1568
1569 1316
1569 174
1570 1571
1570 1572
1570 1573
1574 1574
1575 1576
1577 1005
1577 1007
1578 1579
1580 1581
1581 1580
1581 1582
108 110
1583 1584
1585 554
1585 1586
1585 1585
3 820
3 953
3 1587
3 1588
3 1589
1590 717
1009 1591
1592 1593
1592 1594
1595 608
1595 1595
1595 609
609 1592
609 1593
609 1596
1596 1593
1594 1596
605 785
784 783
784 931
784 5
931 5
1597 1598
1599 115
1599 1600
1600 115
1600 1601
121 115
121 1602
121 1603
121 988
1604 1605
1606 1607
1606 1608
1606 1609
1610 1611
1610 1612
1610 1613
1610 1608
1610 792
1610 1614
1610 1615
1610 1616
1617 1618
1617 1619
1617 1620
1617 262
1617 342
1617 531
1617 344
1617 560
1617 1621
1617 667
1617 1123
1617 1622
1617 639
1617 346
1617 1623
1617 1624
1617 13
1617 697
1617 1625
1617 1626
1617 917
1617 599
1617 413
1617 438
1617 1627
1617 1628
1617 1629
1617 1630
1617 1631
1617 1189
1617 1509
1617 1510
1617 1632
1617 1511
1617 1633
1617 1512
1617 264
1617 1177
1617 1333
1617 1178
1617 532
1617 533
1617 1507
1617 797
1617 1634
1617 1635
1617 441
1617 1126
1617 1636
1617 266
1617 1637
1617 1179
1617 535
1617 536
1617 1180
1617 1514
1617 1227
1617 1638
1617 537
1617 1515
1617 1516
1617 1517
1617 1518
1617 1639
1617 416
1617 1640
1617 538
1617 1641
1617 668
1617 1642
1617 269
1617 841
1617 1027
1617 261
1617 960
1617 385
1617 1643
1617 1644
1617 1519
1617 1645
1617 1520
1617 1183
1617 1646
1617 1647
1617 1648
1617 1184
1617 1649
1617 1650
1617 1651
1617 579
1617 1266
1617 1652
1617 1653
1617 1127
1617 270
1617 1654
1617 1522
1617 1655
1617 964
1634 1656
1634 797
283 327
283 1657
1658 874
1659 1195
1194 522
1194 1192
1194 1195
1194 751
1194 523
1195 522
1195 523
778 777
1660 1661
1660 1662
1663 118
1664 1665
1666 1666
875 825
1667 1668
1669 1670
1671 1672
1671 1673
1674 1671
1674 1672
1674 1673
1675 1673
1024 1674
1024 1675
1024 1673
1673 1676
284 1677
1678 1652
1679 339
1679 426
1679 985
1679 1680
1679 39
1679 1030
1679 30
1679 1681
1679 33
1682 537
1683 1684
1685 1686
1687 1688
1687 1689
1687 1690
1687 1327
1687 455
1687 1691
1687 1328
1687 1692
1693 1694
1695 1353
1696 1697
1698 1699
1698 1700
1635 560
1701 1385
1701 1702
1701 889
1701 452
1701 1703
1701 1475
1701 464
1701 890
1701 992
1701 1704
1701 1705
1706 890
1706 821
464 884
464 452
464 890
464 885
1707 1113
1707 1504
1708 1189
1709 1710
1164 1711
652 650
653 651
957 342
957 343
957 344
957 345
957 346
957 13
957 1048
957 267
957 566
957 347
957 961
957 1712
957 348
1713 649
1714 287
1715 900
1715 902
1715 650
1715 1103
1715 1376
1715 901
1715 1716
1715 1717
1035 1037
1036 1037
1718 1719
1720 1721
724 1676
1722 1027
1723 1724
1723 1121
1723 1294
1723 1295
1723 1296
1723 1725
1723 1726
1723 1727
1723 906
1723 14
1725 1295
1725 1296
1725 555
1728 14
326 818
1729 670
1729 1015
1729 671
1730 96
1731 1169
1731 915
1731 1732
1731 1733
1731 1170
1734 1735
1736 951
1736 954
1565 1564
1737 1738
1739 1738
590 1740
1740 1306
1740 1741
1080 1081
1080 1742
1081 1742
1743 1744
1745 589
1602 121
1602 1746
1747 1747
193 827
1748 1749
1748 1750
1751 534
1751 537
1751 1646
534 1265
1752 531
1752 560
1752 1123
1752 917
1752 1628
1752 1510
1752 1511
1752 1512
1752 561
1752 1390
1752 532
1752 1508
1752 1513
1752 797
1752 1635
1752 534
1752 441
1752 1126
1752 536
1752 1180
1752 1514
1752 537
1752 1515
1752 1517
1752 538
1752 269
1752 841
1752 261
1752 385
1752 1645
1752 1753
1752 1754
1752 1266
1752 1755
1752 1523
1756 1619
1757 39
1757 1758
1757 1563
1757 1759
1757 276
1757 1760
1757 468
1757 1761
1757 610
1757 883
1757 1653
1757 611
1762 1763
1762 1764
61 212
61 213
61 1765
61 929
61 1766
1767 1567
1768 959
1769 346
565 565
565 566
1770 1771
1772 1449
1772 1159
1772 1773
1772 1657
1774 1571
441 1123
1775 905
1775 1563
1775 1776
1775 1760
1775 468
1775 1777
1775 1778
1126 1123
1126 1048
1126 441
1779 1780
1779 1781
1782 1783
1782 522
1782 1784
1782 1209
1782 1206
1782 1648
1782 523
1782 1785
1782 1786
1782 1787
1788 1789
1790 821
1791 1792
1793 772
1793 1394
1794 191
1794 1758
1794 192
1794 1795
1795 1758
1795 1794
1795 1795
1795 1759
1795 194
194 191
194 192
194 194
1796 647
1796 648
1636 1797
1636 1798
1636 1799
1636 648
1636 1127
1800 1800
1801 1802
1802 545
1803 1804
952 953
1805 101
1072 1070
1806 1807
1808 1809
1808 1810
1809 1552
1809 383
1809 1053
848 1811
1812 1813
1812 848
1814 1815
1354 1816
1354 601
1354 188
1817 1818
1817 164
1817 1819
1817 166
1820 1820
1637 1623
32 782
32 31
1821 1822
1821 1823
1824 1825
1826 416
1826 385
641 824
641 697
641 1031
641 285
641 46
641 1827
641 684
681 296
681 297
681 301
1179 917
1179 166
58 58
58 1828
58 1829
1457 1455
1830 1831
1830 1832
1833 1833
1834 1835
1836 1836
877 877
877 878
1837 876
1837 877
1837 878
267 566
267 347
267 385
1838 274
1838 351
1838 366
1838 360
1838 377
1838 843
1838 1032
1838 282
1838 1226
1838 947
1838 679
1838 680
1838 1089
1838 367
1838 1076
1838 1198
1838 1405
1838 1227
1838 1839
1838 1026
1838 1840
1838 1038
1838 371
1838 385
1838 14
1838 1228
1838 1841
1838 683
1838 579
1842 1702
1842 242
1843 1844
1843 925
1843 383
1843 384
1845 1846
1845 1847
1845 1848
1848 1847
1849 1850
1850 1849
1851 1851
1852 1851
1852 1853
1854 1855
1856 1857
1858 1205
1859 1860
1859 1531
1859 1861
1859 1862
1863 96
1864 1865
1866 1867
1868 502
1868 1214
1868 924
1868 552
1869 236
1869 1870
1871 1065
1871 1872
1871 1873
536 531
1180 531
1180 536
1180 385
1874 1875
1514 531
1514 697
1514 1656
1514 1510
1514 1511
1514 1512
1514 532
1514 536
1514 537
1514 1517
1514 538
1514 1645
1514 1520
1514 1183
1514 1523
1344 1876
1877 1878
1877 1879
1880 1881
1880 1075
1880 1882
1883 1884
1883 449
1883 1881
1883 1075
1883 1885
1883 1886
1883 1880
1883 1883
1883 1887
1883 594
1883 1888
1883 1889
1883 1890
1883 1882
1883 1891
1883 1892
1883 450
1893 1894
1895 1896
1897 1898
1897 1899
1897 1900
1901 1902
1903 1572
1904 1905
1906 1907
1908 1691
1909 1908
1909 897
1910 1911
1910 1912
1910 1913
1910 1914
1910 1915
1910 664
1910 1916
1910 1917
1918 871
1918 325
1918 327
1919 1702
1920 242
1921 1922
1923 1924
1925 593
1926 1927
1049 1210
1050 1047
1050 1049
1050 215
1050 1754
1050 1210
1928 704
1929 50
1227 1124
1930 968
1930 969
1930 1325
1930 1931
1930 1932
1930 1933
1930 1934
1935 1936
1937 351
1937 554
1937 297
1937 626
1937 928
1937 627
1937 1938
1937 14
1746 1939
1746 1940
1746 1941
1746 1942
1746 618
1638 1943
1944 1689
1944 1945
1839 1227
1839 1038
5 1365
5 784
5 96
1946 1947
1946 605
1948 1793
1949 1950
1515 1265
1515 440
1515 1517
1515 1027
1515 1755
1951 1952
1951 908
1953 1954
1955 287
1237 1956
398 396
1279 1010
1957 1958
1959 919
1960 1961
1960 1519
1962 342
1962 344
1962 345
1962 346
1962 956
1962 13
1962 1140
1962 1462
1962 1466
1962 267
1962 1961
1962 668
1962 385
1962 1088
1962 348
1962 963
1962 964
1541 672
1963 1964
1963 415
584 1455
1965 583
1965 1966
1965 1479
1479 583
1967 1968
1969 1970
1971 1972
1973 1971
1973 1972
1974 1975
1976 1977
1978 158
1978 159
1978 380
1978 200
1978 1979
1978 401
1978 1980
1981 1228
1982 927
1516 438
1516 1983
1984 1985
1986 506
1987 553
1988 1544
1427 1989
1517 1181
1990 1990
1991 1270
1992 1993
551 1994
551 550
1995 1995
1996 1704
1997 1998
1999 2000
1999 2001
1999 821
2002 2002
2002 627
2002 14
627 14
2003 2004
474 2005
2006 2007
2006 445
2006 2008
2009 2010
2011 1525
2011 498
1776 2012
2013 2014
2015 2016
2015 2017
2018 243
2019 2020
200 379
2021 2022
2021 299
2023 2024
2023 2025
2026 2027
2028 133
2028 134
2028 1303
2028 2026
2029 2029
2030 2031
2032 2033
2034 1027
2035 1032
2035 2036
2035 276
2035 2037
2035 277
2038 48
2039 2040
2041 2042
2041 2041
2043 2044
2045 2045
1828 58
2046 2047
2048 2049
2050 2051
2050 2052
2050 435
958 677
958 641
2053 10
2054 2055
2056 2057
1026 1638
1362 1943
2058 2059
2058 832
2060 2061
2060 242
2060 2062
2063 2064
2065 231
2065 603
2066 231
2066 1147
2066 1148
2067 1148
709 710
840 1124
840 1510
840 1511
840 1512
840 2068
840 416
840 1181
840 385
2069 2070
2069 261
2071 585
2071 1855
2072 610
2072 611
1560 1761
1560 610
1560 883
2073 678
2073 244
2073 99
2073 495
2073 171
2073 2073
2073 172
2073 173
2073 174
2073 175
152 219
152 2074
152 153
2075 2076
2075 2077
2075 2078
2075 2079
2075 2080
2075 443
2079 2076
2079 1106
2079 2078
2079 2075
2079 2081
2082 2083
2084 2085
2086 287
2087 2088
2089 2090
2089 2091
2089 1027
2089 948
2089 2092
2089 2093
2094 560
2094 346
2094 957
2094 267
2094 2095
2094 2096
2094 964
2095 913
2097 520
1840 2098
1840 2099
1840 1179
1840 417
2100 2101
2102 2103
109 106
109 108
2104 1205
2105 587
2105 650
2105 2106
2105 1875
2105 652
2105 2107
2105 588
1067 1067
1067 299
1067 841
2108 2109
775 891
2110 2111
2110 2112
2110 2113
2110 1692
1038 596
1038 2114
1038 1208
1038 579
1201 1200
1201 355
1051 355
2115 114
2116 2117
2118 2119
465 2120
2121 601
2122 395
2122 396
2122 1010
2122 1108
2122 398
2122 1279
2122 2123
2122 1285
2122 1286
2124 2125
2124 1509
2124 385
2068 413
2068 2126
2068 416
2068 385
2068 1268
416 2099
416 417
1482 2125
1482 440
1482 2126
1482 2068
1482 385
1483 2126
655 655
2127 1567
1567 461
1567 2128
370 1818
2129 2130
2129 2131
2132 1819
2133 2134
2133 2135
2136 2137
2136 2138
2139 165
2139 948
2139 357
2140 2141
2140 1986
304 2142
2143 729
2143 164
2143 1819
2143 374
2143 166
2143 730
2144 2145
1093 1092
2146 2147
2148 1627
2149 114
482 1717
482 483
2150 2150
568 1574
2151 1306
2151 1307
2151 1349
792 115
792 1601
792 1600
2152 1403
2152 2153
2152 1402
2152 2154
2152 2155
2156 1403
2156 1404
2156 1402
2157 2158
2159 442
260 573
260 698
260 574
260 383
260 700
260 701
2160 34
2160 2161
2160 37
2162 2163
2164 2165
2166 2167
2166 2168
63 287
2169 1292
2169 1296
2170 2171
2170 2172
2170 2173
2174 768
2174 769
2174 770
2174 771
2175 2176
2175 2177
2177 887
2178 2179
2180 466
59 1001
59 1002
59 1829
2181 2182
2183 2184
647 39
647 652
647 654
1409 2185
2186 2187
2186 2188
327 325
2189 2190
2189 2191
2192 2024
2192 1563
2192 1775
2192 1777
2192 195
2193 2194
2195 2196
2195 2197
2195 2198
2199 2200
2201 2201
2202 2203
2204 909
2204 1919
2205 2205
2205 2206
2205 2207
2205 2208
2209 2206
2210 1624
2210 1178
2210 268
2211 1972
2212 594
2212 806
1726 1884
1726 1890
2213 817
2214 2215
2214 2216
1573 2217
1573 2218
2219 1308
2220 251
2221 312
2222 2088
371 55
2223 99
2223 2192
2223 172
953 951
1587 2224
1933 968
1933 969
2225 2226
2227 2228
2229 2230
2231 2232
2233 2057
2234 2235
2236 2237
2238 2238
2239 2085
2240 2241
2242 1952
2243 2244
1641 917
1641 2245
1641 2246
1641 1698
1641 2247
1641 538
1641 918
1641 1520
1641 1650
1641 1127
2248 2249
1377 900
1377 902
1377 1103
1377 1376
1377 901
1377 1716
1377 2250
67 1179
67 166
67 167
2251 2252
2251 2253
2254 2255
183 1353
184 2256
184 183
2257 2258
2259 2260
2261 1340
2262 2051
2262 891
2262 2263
2262 2013
2262 2261
2264 2265
2264 2266
2264 2267
2264 2268
2264 2269
2264 743
223 222
223 291
223 724
2270 506
2271 1882
2272 2273
2272 1075
2272 594
2272 2149
2272 1891
2272 1892
2272 2135
2274 2271
2274 1891
2275 1001
2275 1160
2275 920
2275 1104
2275 1715
2275 327
2275 2276
2275 1450
2277 690
2277 2058
2277 364
2278 2279
2280 460
2280 1448
1727 1724
1727 1295
1727 1296
1727 1725
1727 1122
1961 1618
1961 531
1961 598
1961 536
1961 2126
1961 2124
1961 2068
1961 1482
1961 1483
1961 925
1961 269
1961 960
1961 961
1961 2281
1961 2282
1961 2283
1961 2284
1961 963
1961 964
2285 1601
668 2286
668 2287
2288 2289
2290 2291
2290 2292
823 2293
2293 823
2294 2295
2296 457
2296 2297
457 2297
2297 457
2297 2297
2298 457
2298 2297
2298 458
458 2299
458 2297
2300 562
2300 563
2301 2302
1468 891
1468 691
2303 2304
2305 1104
2305 1484
2305 2305
2305 1471
1115 612
1115 2306
1115 1690
1115 1675
1115 455
1115 1908
1115 1910
1115 2296
1115 613
1115 1917
1115 2307
1115 2308
1115 2309
1115 1705
1115 1019
2310 2311
2310 625
2310 624
2310 2310
2310 2312
2312 2310
2312 2312
2312 2313
2314 603
2315 2316
2317 2318
2317 2319
2317 849
442 437
2320 2321
2320 2322
986 30
986 31
986 32
986 33
1119 880
1119 881
1119 295
1119 882
2323 2324
2323 2325
2325 2326
2325 2312
2327 2328
2328 2327
2329 2330
2329 2331
209 951
209 2224
1282 340
1282 395
1282 2161
1282 1010
1282 1108
1282 1276
1282 398
1282 1279
1282 2122
1282 1280
1282 2160
1282 1282
1282 2123
1282 1285
1282 1286
1282 2332
1283 2122
1283 1282
1283 2332
1284 35
1284 2333
1284 341
2123 1010
2123 1108
2123 1285
2123 1286
1285 1010
1285 1108
1285 398
1285 2123
1286 1010
1286 1108
1286 1285
1083 2334
2335 900
2335 902
2335 1103
2335 1376
2335 901
2335 1716
2335 2086
2336 2337
918 1182
1182 918
2338 558
2338 993
2338 2339
2340 427
2340 2341
2340 80
2340 1085
2340 835
2340 2342
2340 593
2340 1075
2340 1323
2340 1324
2340 1470
2340 2338
2340 1381
2340 81
2340 2343
2340 2163
2340 2344
2340 1041
2340 836
2340 2345
2340 2346
2340 2347
2348 1881
2348 1075
2348 2271
2348 450
372 354
372 372
372 216
372 2349
2350 439
373 354
373 2126
373 355
373 14
373 2351
373 68
373 358
373 2352
2353 2354
2353 2355
2356 27
2356 1243
2356 2357
988 2358
2359 66
2359 893
2359 636
2360 2361
2362 1905
2362 2363
2357 27
2357 2364
2365 1195
2366 896
341 34
341 35
341 37
1297 2367
2368 2369
1700 1699
2370 1455
2371 728
2372 2373
2374 2375
2374 2376
2377 1362
2377 2378
2379 1362
2379 2380
2379 2378
2381 115
2381 2382
2381 1601
2381 982
2381 2383
299 215
299 1210
2384 2385
2386 2387
2388 2389
2388 755
2388 756
2390 2391
2390 2392
2393 711
2393 712
2394 711
2394 712
2394 2395
2394 2396
2394 2397
2398 2399
2400 2398
2400 1916
124 2401
124 2402
124 1117
124 2403
2404 1854
2405 2406
2407 977
2407 978
1642 1621
2408 2409
2410 2410
2411 2412
2413 612
2413 1914
2413 2414
2413 1690
2413 1384
2413 1910
2413 1691
2413 2415
2413 1018
2413 613
2413 2416
2413 1917
2413 2307
2413 2417
2413 1705
2413 1019
2415 451
2415 2418
2415 2417
2419 2419
1381 72
1381 73
1381 74
1381 1684
1381 983
1381 1323
1381 1324
1381 1378
1381 75
1381 870
1381 2420
1381 2421
1381 1086
1381 2422
1381 2423
1381 2424
1381 2416
1381 2425
1381 1383
2426 2416
2427 79
2427 1884
2427 252
2427 2340
2427 2400
2427 2428
2427 2429
2430 295
2431 1050
2349 354
2432 2433
2434 2435
2434 2432
382 1647
382 2436
2437 2438
2439 2438
2439 2437
2440 1915
269 1265
269 579
841 1265
2441 2442
2443 631
2444 2445
2446 2447
2446 2448
2448 2446
2449 2098
2449 1840
2449 2450
154 148
154 149
2451 2368
2452 2453
2453 2451
2454 861
2454 932
2454 2455
2456 828
2457 141
1345 1486
1345 2458
1345 2459
2458 1345
2458 2459
2052 2460
2052 435
2052 2461
1027 2462
1027 858
1027 1646
1027 1154
1027 579
1027 2463
2464 1358
2420 2465
2420 2466
1609 2467
2468 201
201 148
201 149
201 150
2469 1804
2469 603
2469 2470
2469 2471
2469 2472
2469 96
2470 486
2470 2473
2470 603
2470 2471
2470 2472
2474 2475
2070 261
2476 1629
2476 2167
2476 1631
2476 1632
2477 2478
81 591
81 592
81 593
81 594
2479 2479
2480 2481
1588 1176
2482 1762
285 2483
285 327
285 382
285 383
285 384
285 385
285 45
2484 2485
2486 2487
2486 1191
2488 2489
2490 413
2490 1268
2491 416
1467 2492
8 770
8 230
8 992
8 2493
8 2494
8 1196
8 7
8 2355
8 1916
8 1019
2495 2496
2497 2498
2499 1671
2499 1674
2499 1024
2499 1673
2500 2391
2501 715
2502 2502
2503 2504
2505 658
2505 659
2506 2125
2506 2507
2506 2508
2509 2510
2509 213
2509 2485
2509 2511
2509 2484
2509 2512
2513 2513
356 353
2512 2514
2515 2516
2517 2514
2518 1132
2519 2238
2520 2521
2522 2523
2521 107
2521 2522
2524 829
385 2525
1643 667
1643 2125
1643 413
1643 264
1643 1637
1643 536
1643 2126
1643 2124
1643 2068
1643 1482
1643 1483
1643 668
1643 269
1643 960
1643 385
1643 1644
1643 1519
1643 1902
1643 2526
2527 262
2527 412
2527 344
2527 667
2527 1622
2527 345
2527 346
2527 13
2527 1625
2527 1626
2527 1265
2527 440
2527 414
2527 537
2527 1483
2527 668
2527 269
2527 841
2527 385
2527 1644
2527 1519
2527 961
2527 1184
2527 2281
2527 1754
2527 2528
2527 1654
2527 348
2527 963
2527 964
1644 414
1644 668
1644 385
1519 269
2529 2530
2531 2532
2533 2534
2533 2535
2533 2536
2537 1819
2538 2539
2538 2540
2361 2360
2541 1119
280 2542
280 593
280 2543
280 492
280 2544
2545 1342
2545 1080
2546 2547
2546 2548
2546 2549
2550 2551
2552 1183
1183 2553
2554 2555
2556 2552
2556 1183
2557 2558
2559 848
2559 849
2559 545
610 1759
610 33
2560 2561
2560 2562
2563 847
1440 2244
1440 2243
2564 774
2564 2565
2566 2567
2568 2569
2570 2571
2572 1125
2573 2573
2574 2575
2576 1916
2577 2578
2579 2580
2581 2582
2583 733
2088 2049
666 666
2584 2585
2584 2586
2587 2588
2587 733
2587 732
2587 2589
2587 2590
2587 2583
2587 2591
2587 2592
2587 515
2587 2593
2587 2594
961 342
961 344
961 598
961 345
961 346
961 13
961 1088
961 348
961 963
961 964
2595 733
2595 515
2595 2596
2586 2585
2597 515
2597 516
904 903
2017 1340
2017 2261
2598 2599
2598 1340
2598 2600
2601 413
2196 2197
2602 2602
2603 2416
2604 2605
2339 994
2606 1119
2607 2045
1018 1941
2608 2609
552 548
552 549
2610 2611
2612 2613
2612 2614
2612 2256
2612 2615
1099 1097
1099 741
766 765
2616 2617
1287 2618
391 389
2619 2619
2620 2621
2622 1448
2623 2624
2625 2626
2625 1004
2241 2240
1647 2436
2627 2627
2628 1964
2628 1850
2629 1246
2630 2631
2630 1019
2631 1356
2632 1913
2632 2399
2632 897
2632 1917
2633 2634
2634 2635
2634 2636
2637 2638
2637 2639
2640 2016
2641 2642
2641 2643
2641 2644
2643 2642
2467 2642
2467 2643
2467 2644
2645 491
2645 492
1086 619
1086 620
2646 756
2389 755
2647 2646
2647 755
2647 756
2648 2172
2649 1356
2650 1356
2650 2630
2650 2631
2650 2649
2651 276
2651 1677
2652 325
2652 2037
2652 63
2652 327
2652 2651
2653 1019
2654 1996
2654 2655
804 754
2005 625
2005 1591
2656 1591
2657 2658
2659 2659
2660 2660
2661 1205
2662 2663
2664 2665
2664 1306
2664 2666
1459 156
1459 698
1459 15
1459 2092
1459 699
1459 700
664 1917
2667 2668
2669 1560
2669 610
2669 2670
2669 2671
2669 611
2670 1760
2672 703
2672 2673
2672 2674
2675 2676
2675 2677
2675 2678
2675 2679
2675 2680
2681 1237
2682 1562
1521 1265
1521 533
1521 534
1521 537
1521 1184
1521 1266
1521 1902
1521 1522
1521 1267
1753 531
1753 532
1753 533
1753 536
1753 1227
1753 537
1753 1184
1753 1266
1753 1902
1753 1522
1753 1267
2683 2684
2281 342
2281 343
2281 344
2281 598
2281 345
2281 346
2281 13
2281 959
2281 385
2281 961
2281 1088
2281 348
2281 2284
2281 963
2281 964
2685 2686
2687 50
2688 2688
1101 1100
2689 2137
1250 2671
2690 2691
2692 2117
2693 832
2694 2695
2694 788
2694 2133
2694 1410
2694 2696
2694 2697
1410 802
1410 1370
2696 1024
2696 1370
1554 1228
2698 2699
2698 2700
613 2576
492 2544
2701 2530
2702 501
2702 39
2702 888
2702 924
2703 1325
2703 1931
2703 1326
2703 1615
1861 909
1861 2704
1861 2705
1861 117
1861 1608
1861 1468
1861 2505
1861 2706
1861 2707
2708 1811
496 1780
496 1781
907 579
1415 302
1415 304
2709 2710
2711 1964
2711 369
476 2712
476 256
476 2713
2714 2715
2716 1612
2716 1610
2717 2718
2719 400
2719 2720
2719 2721
1872 2719
374 164
374 165
374 166
374 167
571 570
571 571
2722 2723
2722 2722
2724 2725
2725 2726
2725 2725
2727 2726
2727 2728
2729 2726
2154 1403
2154 2153
2730 2731
2730 1783
2730 1553
2730 2732
2730 1785
2730 1902
2730 2733
1233 751
2734 2735
2736 748
2736 1537
2736 185
2736 773
2735 2737
2738 2739
2740 1507
2741 269
2742 1613
2742 2743
2742 921
332 331
85 2029
85 2744
2745 432
2745 433
2746 1149
2747 383
2747 384
1039 382
1039 1647
1039 2436
1039 2747
682 1317
682 1318
682 922
682 1843
682 2034
682 285
682 383
682 384
682 1040
682 1320
254 1989
2748 1686
2748 2749
2750 459
2750 2751
2750 1485
2750 2752
2750 2173
2750 1448
2753 2754
2755 1568
575 2114
2756 2757
2756 2114
2114 1208
1649 532
1649 537
1649 1520
1649 1184
1649 1266
1649 1127
1649 1267
1650 533
1650 1798
1650 1520
1650 1650
2758 703
2759 2760
2107 588
2761 588
2762 2763
2764 2765
2764 185
2766 2313
2767 55
1191 975
2768 219
2769 2534
2769 951
2769 1736
2769 2770
2769 2536
2769 2771
2769 954
2772 2773
195 39
195 40
2774 180
2774 2775
2776 2777
2395 2336
2395 2396
173 2778
2778 173
2351 165
2351 357
1841 696
1841 352
1841 353
1841 354
1841 679
1841 763
1841 680
1841 355
1841 2139
1841 356
1841 14
1841 2351
1841 948
1841 357
1841 68
1841 358
1841 684
2779 2780
2781 1494
2781 2429
2782 2783
2782 1735
2782 1734
2782 907
9 1172
2450 2784
2785 1018
2786 2787
2788 78
2788 2789
2788 2790
2788 2791
2792 1712
2793 2794
2793 2795
2793 2796
2793 2797
2793 2798
2797 2794
2797 2796
2797 2799
2800 708
2800 1339
2800 709
2800 1608
2800 2418
2800 1916
2801 2802
2801 295
2803 2804
2805 332
2806 2807
2808 1894
196 191
196 192
2062 2000
2809 361
2809 363
2809 365
2810 1828
2810 1058
2810 2811
2810 2812
363 362
363 363
363 364
363 365
2813 2814
2813 2815
2816 2817
2816 737
2818 2819
2820 2821
2822 2820
2822 2821
2823 2824
2825 863
2826 2825
2827 2828
2827 2829
2827 2611
2830 1601
2831 591
2831 1831
2831 2521
2831 295
2832 2833
2832 2186
2832 2188
2834 1589
1651 917
1651 1390
1651 1513
1651 1617
1651 1634
1651 918
1651 1182
1651 1519
1651 2552
1651 1183
1651 217
1651 2835
1785 1783
2836 907
2836 579
2837 2838
1266 1184
1266 1267
1902 537
1902 1184
1902 1266
2839 2840
2839 966
2841 2342
2841 2343
2841 2163
2842 2412
2412 101
821 1418
410 407
410 649
2843 506
2844 276
2844 2845
2846 2847
2848 2849
2849 2846
2849 2847
2850 221
2850 222
2850 1896
2850 2851
2852 2853
2854 2854
2855 2663
2856 2856
2857 1562
2344 427
2344 835
2344 2342
2344 2000
2344 2494
2344 751
2344 2858
2344 2343
2344 2163
2344 2859
2344 836
2344 2860
2859 835
2859 751
2859 836
1807 1939
1807 885
2861 601
2861 2862
2861 184
2861 2863
2864 2865
2866 2867
2868 2033
2868 2869
2868 1486
2868 2870
2868 2871
2868 295
2868 2681
2868 2872
2868 2873
2868 2874
2868 2875
2868 2876
2868 2877
2868 810
2868 2878
2868 2879
2880 50
2881 2881
2882 906
2882 2735
2882 2883
2883 2884
2883 2737
2883 2885
2886 2806
2887 2042
2887 150
2887 2412
2888 2889
2888 2890
2888 2891
2889 2890
2889 2891
204 203
204 2892
2893 2894
1382 802
2895 2896
2895 889
2895 242
2895 452
2895 2897
2895 1113
2895 1504
2895 2898
2895 1706
2895 464
2895 1842
2895 2743
2895 2742
2895 821
2895 1704
2899 975
2900 2901
2902 2901
2903 2904
2903 1370
2905 119
2906 2391
2906 2392
2906 2663
2907 2391
2907 2392
2907 2663
2907 2906
2907 2908
2909 2910
1346 1876
1346 1344
1346 2293
2733 2911
2912 2913
2912 1254
2914 2915
2914 1956
166 164
166 1819
980 107
2916 2917
2096 599
2428 1890
2428 2918
2919 1884
1890 1892
392 861
2423 2920
2920 2422
2921 783
2921 930
2921 981
2921 784
2921 931
2922 2923
2922 2496
2922 2495
2922 2924
15 156
2925 66
2926 2868
2927 2928
1289 104
1289 105
2528 413
2528 2528
2528 1127
2929 1081
2929 1742
2930 211
2931 2932
185 748
185 773
2933 919
2933 1157
2933 2220
2933 2934
2933 2935
2936 250
2936 451
2936 2937
2936 2938
2936 2939
2936 251
2936 2940
2936 1878
2936 2941
2936 2942
2936 2943
2936 1684
2936 115
2936 2897
2936 2944
2936 1940
2936 1683
2936 2945
2936 2946
2936 2947
2936 1746
2936 1944
2936 2494
2936 1959
2936 2948
2936 2949
2936 2950
2936 2060
2936 2149
2936 2190
2936 2191
2936 2189
2936 2576
2936 751
2936 2630
2936 2631
2936 2653
2936 2729
2936 2951
2936 2113
2936 2952
2936 2800
2936 2344
2936 2859
2936 2953
2936 1942
2936 2954
2936 2307
2936 2955
2936 2956
2936 2957
2934 1366
2934 1470
2934 1944
2934 1484
2934 2344
2934 2859
2934 2307
2934 2955
2934 2956
2934 2958
2959 451
2959 973
2935 1323
2935 2220
1117 124
2960 2961
2378 1362
2378 2960
2962 2963
2962 942
2962 2964
2965 2963
2965 942
637 2966
637 637
2424 2967
1202 1265
2968 2969
2969 1048
2829 2915
2829 2828
2863 2970
2863 1861
2863 1530
910 910
2971 2972
2971 1296
2973 589
2973 1876
2973 1080
2973 1344
2973 2151
2973 280
2973 491
2973 1346
2973 2974
2974 1343
2974 1998
2974 1745
2974 2666
2975 419
2975 420
2975 421
2975 2976
2975 1329
2977 2977
2978 2416
2979 2980
2979 2113
2363 1185
2981 482
2981 483
1253 2982
2983 1253
2697 789
2697 790
2984 2985
2986 29
2986 986
2986 2986
2987 1854
2988 2639
2383 2382
2383 998
2989 585
2989 1855
2989 156
2989 1854
2989 627
2989 14
2989 1459
2989 15
2989 2987
2989 586
2989 2989
2990 2991
2990 2992
2990 2993
2990 2994
2994 2991
2994 2993
2995 2996
2995 2979
2995 2997
2995 2998
2998 1306
2998 1307
2998 1349
2999 857
3000 3001
3000 474
3000 3002
3000 607
3000 2987
3000 3003
3004 3005
3004 3006
938 700
2080 3007
2080 2580
2080 443
3008 1071
1145 881
1145 3008
1145 358
3009 3010
188 1353
188 2811
188 2812
188 790
836 835
836 594
2471 603
2472 603
2472 96
96 487
3011 3012
2332 340
2332 3013
2332 1279
2332 3014
97 603
3015 3016
2744 3017
1873 3018
3019 3020
3019 3021
3022 3019
3022 662
3022 3020
661 3019
662 3019
662 3020
3020 3019
3020 662
3023 271
3023 3019
3023 25
3024 887
3024 881
3024 358
3025 3025
3026 522
3026 523
726 1640
3027 3028
3027 1154
357 948
730 164
3029 3030
2707 3031
3032 3031
3032 2707
46 1827
3033 690
3033 2610
3034 3035
3036 3037
3038 1293
3037 1293
3037 3038
2269 2266
3039 595
3039 898
3039 765
3039 714
3039 369
3039 715
3039 442
3039 766
3039 14
3039 530
3039 3040
3039 1004
2416 2603
699 698
700 698
167 164
3041 1068
3042 1355
189 2031
189 186
189 187
3043 107
3043 189
3044 690
3044 691
3044 692
1469 1021
1653 1761
1653 883
3045 690
3045 2263
3045 601
3045 692
3045 1469
3045 3046
3045 3047
3045 790
3048 764
3049 19
856 3050
1394 3051
435 2051
3052 932
375 165
3053 3053
3053 3054
3053 1568
3054 1568
3055 3056
3055 3057
3055 3058
3058 3057
3059 1554
3059 1228
125 123
125 124
125 126
126 125
3060 3061
3062 2558
2282 2673
2918 450
3063 518
3064 3065
3064 3066
3067 2991
3067 2993
1078 698
1078 679
1078 2090
1078 383
1078 384
1078 385
1078 165
1078 2092
1078 699
1078 700
3068 1170
2594 2588
301 298
2908 3069
2908 2391
2908 2663
2908 2906
2908 2908
3070 3071
3072 1722
3072 2090
3072 3073
3074 2090
3075 405
3075 406
3076 429
3076 3077
2345 3077
3078 3079
3080 3081
3082 1455
3083 3084
3084 2910
3085 3085
3086 1639
3086 1558
2355 2354
3087 308
3087 309
3088 3089
28 3090
28 2364
2812 2811
3091 2074
3091 201
3091 559
3092 821
3093 3094
3095 1674
3095 1024
3095 3096
1045 1672
1045 1905
1094 1091
1094 1095
1095 1091
3097 20
3097 21
3098 285
3099 2599
3099 2600
3100 3101
3102 3103
3102 3104
3104 3103
3104 3105
3106 3107
3106 3108
1054 572
1054 696
1054 1317
1054 1318
1054 1809
1054 1810
1054 1843
1054 2090
1054 1027
1054 285
1054 383
1054 384
1054 385
1054 14
1054 1039
1054 575
1054 2756
1054 579
1054 586
1054 1053
1054 1055
1054 2093
2425 2424
3109 3110
3111 3112
3113 2953
2008 2007
2008 445
3114 3115
3114 3116
2611 2523
2611 3117
3118 657
3118 2970
3118 2870
3118 2255
3118 1355
3118 3117
3118 607
3118 3119
3118 2811
3118 2812
3118 2611
3118 3118
3118 3120
3118 2894
3118 2879
3120 1353
3120 1021
3120 1352
3120 1354
3120 775
3120 2863
3120 188
3120 3045
3120 2811
3120 2812
3120 790
3121 3121
3122 3123
3123 3123
3124 1478
3124 460
3124 1479
3124 3082
3124 1448
3125 3126
3125 331
3125 332
3125 333
3127 3126
3128 71
3128 72
3128 73
3128 619
3128 1084
3128 1379
3128 1671
3128 2189
3128 870
3128 1381
3128 620
3129 922
3130 1448
3131 3130
3131 3132
3132 3051
1105 3133
1105 900
1105 902
1105 1376
1105 901
1105 1716
3134 495
3134 3134
3135 2091
2134 3136
3137 1778
3138 3139
3140 3141
3140 864
3140 866
864 3142
3143 3144
3145 3146
3147 1233
3147 450
3148 2375
3148 2376
3149 205
68 948
68 1547
719 356
3150 3150
2316 3151
3152 2316
3153 1127
3073 3154
3155 1730
3155 96
3156 388
3157 2879
1186 1510
1186 1511
1186 1512
1186 1514
1186 1523
1186 1187
1187 1623
1187 1637
3158 1196
3159 3160
3161 2807
3161 3162
3161 183
3161 184
3161 2899
3161 186
3163 618
1055 3164
1055 382
1055 2747
1055 2093
376 376
707 3165
707 1106
707 706
707 2075
707 376
3166 3167
3167 3168
3169 530
3170 3171
3171 3172
3173 1137
3174 1002
3175 3171
3176 68
3177 777
3177 778
3177 1000
3177 3177
3178 3179
3180 2680
3181 2276
3182 115
3182 1601
3182 1600
3182 2381
3182 1441
3183 2869
3183 3184
3185 115
3185 2840
3185 119
3186 261
3187 247
3187 248
2283 3188
3189 3190
2760 3190
3191 3192
1615 3193
3193 2416
3194 3195
3196 99
3196 1316
3196 1033
3196 467
3196 468
3196 2772
3197 3198
3197 3199
3197 2408
3197 3200
728 2371
3201 3202
3203 1940
3203 1746
3203 618
3204 307
3204 1940
3204 3203
3204 618
3205 3203
3206 2631
3207 2551
3046 3047
3047 1469
3047 790
3208 790
790 1021
3209 577
577 3210
2364 3090
2364 1520
286 761
1934 968
1934 1932
3211 3212
1383 1378
656 883
656 33
3213 3214
1862 3215
1862 3216
1364 151
220 3217
220 607
3218 962
3219 3220
3221 4
3221 1588
11 2473
11 2650
3222 1950
3223 3224
1088 344
1088 347
1088 2778
245 1214
3225 2931
3226 3226
3227 2739
3228 3229
3228 3230
3231 3232
3231 3233
3229 3230
3234 2757
3234 1646
3235 927
3235 389
3235 391
3236 3237
3236 108
3236 3238
3236 2320
3239 3240
3241 951
3241 3242
3243 3242
3244 780
2548 2547
3245 105
3246 966
3247 3248
3247 3249
3250 3248
3249 1628
3249 3248
2954 2942
3251 3112
3252 3253
3252 3112
1370 801
1370 802
3254 3255
1291 3256
1291 2161
1291 2160
1291 3257
3258 1804
3258 603
2040 3259
2040 3260
2040 3261
3262 3263
3264 3265
174 905
174 875
174 172
3266 1647
3266 3267
3267 223
3267 1588
2397 3268
3269 140
3269 141
3269 553
3270 3271
3272 3200
3273 2853
3273 3274
3275 3276
1616 1611
3277 2565
3277 3130
3278 3279
249 532
249 537
3280 532
3280 537
834 833
3281 3282
3281 932
3281 3283
3281 1982
3281 1905
3284 3285
1829 58
1829 1105
3286 3287
1917 3288
1917 2897
1917 1909
1917 613
1917 3289
1917 1916
1917 2307
2307 909
2307 3290
3291 1472
1472 1328
3292 3056
3292 3057
3292 3055
3292 3058
2958 1104
2958 1484
2958 2305
2958 1105
2417 576
2417 663
2417 2306
2417 1910
2417 710
2417 3293
2417 1196
2417 613
2417 2418
2417 1916
2417 3209
2417 3226
2417 2307
2417 2309
556 3294
2877 352
2877 2352
358 948
810 809
810 3295
348 599
348 413
3296 3296
3297 3298
2010 2009
3299 3290
3300 3301
3302 3303
3040 595
3040 766
1320 1317
3304 778
2878 2879
2851 953
2851 906
2851 2850
3003 2987
2093 948
3305 3306
2347 2544
2347 3290
2309 1916
2957 492
2957 2544
2957 2347
3307 3308
3307 3309
3310 3311
2284 344
2284 598
2284 345
2284 346
2284 599
2284 2284
2284 964
963 342
963 344
963 598
963 345
963 346
963 961
963 1088
963 348
963 2284
963 964
964 598
964 1088
964 2284
964 964
3312 3313
3314 1618
3314 858
3314 1154
1705 2840
1705 921
3315 1618
3315 687
3315 1032
3315 1964
3315 532
3315 1513
3315 536
3315 1049
3315 1050
3315 537
3315 1976
3315 668
3315 579
3315 1094
3315 2287
3316 531
3316 795
3316 1964
3316 536
3316 1963
3316 787
3316 261
3316 2287
684 165
1781 3317
1004 2626
3318 1780
3318 1779
3318 1781
611 610
611 611
3319 3320
3321 3115
3321 3317
3321 1780
3321 1781
3322 3323
480 3324
740 738
740 739
3325 266
2879 3326
